0.8755528745592459
0.7749730236674882
0.3387007924707234
0.6221293090201707
0.05104424219342163
0.42173535350151914
0.4610486407573262
0.28577070247782155
0.39217966660874803
0.3459562470285805
0.3277848955213316
0.42224278049359365
0.12647374945596745
0.812905252124853
0.41030347629334674
0.4567997352476987
0.8606672460646869
0.9654757256389213
0.27198809885555475
0.5512820545379664
0.5224383731774941
0.6727139082290421
0.5858441775220423
0.7809962366344825
0.4322345343839432
0.14888740353020913
0.6393221910045019
0.6761431750725413
0.8973447767199251
0.3438557478594305
0.3595656093471543
0.6954526177253051
0.1353721567974726
0.18460779782378645
0.6979816493300355
0.29440788791018047
0.7805547512366144
0.1081819243693225
0.5499461931943825
0.12642133438438152
0.7039227294625244
0.9677865260809556
0.25361882132221925
0.5725478545613468
0.3870681476194219
0.3167902066177971
0.11125797254066672
0.2337998657180057
0.6293431157747318
0.27935234108541807
0.30709014345016483
0.2398543387235753
0.9395911241731221
0.7018162799530389
0.05770086000166619
0.22891873763059833
0.5660551708176758
0.045589032313615996
0.82408004786036
0.6357488651014688
0.7518958508777821
0.5300831414745726
0.9388673679568796
0.48828921801716485
0.46879100491449355
0.3633972590508231
0.05800824236637536
0.25813173973554115
0.5773780234412915
0.5087645744385082
0.4329443370333941
0.4359665688047538
0.09083915859926395
0.3263986967605046
0.11762724499203203
0.41042423695875796
0.9767182758486158
0.6032190331218968
0.8740575844480921
0.9171853845307244
0.7220979956442222
0.9370387926327912
0.7207158659625091
0.7949610962899367
0.7085539116651817
0.17715027318759136
0.7801659492764045
0.035923044231444434
0.29584237118440904
0.6398442064457853
0.3252752725363115
0.15038917163575927
0.3970672290654802
0.1152506639849421
0.6979109174177581
0.6790477839774886
0.2431099039275505
0.26099135932541206
0.07963372445334893
0.280728704747207
